N = 2000, h = 0.000500

N = 4000, h = 0.000250

N1 = 2000: ||u1 - v1|| = 0.00000015269, 1 / N1 * ||u1 - v1||_1 = 0.00000007772, 1 / N1 *||u1 - v1||_2 = 0.00000000200
N2 = 4000: ||u2 - v2|| = 0.00000003817, 1 / N2 * ||u2 - v2||_1 = 0.00000001942, 1 / N2 *||u2 - v2||_2 = 0.00000000035

check = 4.000747, ckeck_1 = 4.001730, check_2 = 5.658945